--------------------------------------------------------------------------------------------------------------------------------------------------------------------------------------------------------
                                                                                                                                                                                                                                                                                                                                                            

                       
                                             
                         
                                                                                                           
--------------------------------------------------------------------------------------------------------------------------------------------------------------------------------------------------------
                                                                                                                                                                                                                                                                                                                                                            

                       
                                             
                         
                                                                                                           
--------------------------------------------------------------------------------------------------------------------------------------------------------------------------------------------------------
  6 6764  6 66764  6 6764  6 6764 7        5 5555   6 6764  6 6764  6 6764  6 6764  6 6764  6 6764  7 7777  5 55554 444444.   
  4 44    4 444    4 44    4 44   4        4 4444   4 44    4 44    4 44    4 44    4 44    4 44    4 4444  4 4444! !!!!!!.                                               
  1 1     1 11     1 1     1 1                      1 1     1 1     1 1     1 1     1 1     1 1                     
                                                                                                                 
                                                                                                                   
                                                                                                                 
--------------------------------------------------------------------------------------------------------------------------------------------------------------------------------------------------------
4 4 4   4 4 44   4 4 4   4 4 4    7 7777 1 7 7777 4 4 4   4 4 4   4 4 4   4 4 4   4 4 4   4 4 4     7 77771 7 7777^ ^^^^^^.                                                                                                                                                                       
                                  5 5555   5 5555                                                   5 5555  5 5555! !!!!!!.                  
                                  4 4444   1 1111                                                   2 2222  1 1111
                                  2 2222                                                                   
                                                                                                           
                                                                                                           
--------------------------------------------------------------------------------------------------------------------------------------------------------------------------------------------------------
                                 55 5555                                                          5 5 5555.                                                                                         
        
        
        
        

--------------------------------------------------------------------------------------------------------------------------------------------------------------------------------------------------------
   

                 
                 
                 
                 
--------------------------------------------------------------------------------------------------------------------------------------------------------------------------------------------------------
                                                                                                                                                                                                                                                                                                                                                                                                                 
                 
