--------------------------------------------------------------------------------------------------------------------------------------------------------------------------------------------------------
                                                                                                                                                                                                                                                                                                                                                            

                       
                                             
                         
          1       1   1   1       1   1           1 1 1 1...                                                                                                   
--------------------------------------------------------------------------------------------------------------------------------------------------------------------------------------------------------
!4^2    6  6 575 4 456 6 6 6 575 4 456 6 474757576 6 6 6637473737  6 6764  6 6764  6 6764   6 6764...                         
        3  3 3 3 2 2 3 3 3 3 3 3 2 2 3 3 2 2 3 3 3 3 4 44  241 1   4 4441  4 44    4 44     4 44....                                                                                                        
                                                            2      1 1     1 1     1 1      1 1. ..          
..                                                                                                         
..                                                                                                  
..                                                                                                   
--------------------------------------------------------------------------------------------------------------------------------------------------------------------------------------------------------
                                                                 4 4 4   4 4 4   4 4 4   4  4 4..                                                                                                                                                   
                                                            




--------------------------------------------------------------------------------------------------------------------------------------------------------------------------------------------------------
                                                                                      
        
        
        
        

--------------------------------------------------------------------------------------------------------------------------------------------------------------------------------------------------------
   

                 
                 
                 
                 
--------------------------------------------------------------------------------------------------------------------------------------------------------------------------------------------------------
                                                                                                                                                                                                                                                                                                                                                                                                                 
                 
